./label_data_creat/original_img/患者001/患者001-术中-后牙-医生.jpg 244,48,372,165,6 167,59,255,159,5 84,63,177,157,4 11,98,117,169,3 2,164,76,210,2
./label_data_creat/original_img/患者001/患者001-术前-后牙-医生.jpg 215,61,365,208,6 121,75,230,195,5 23,79,135,185,4
./label_data_creat/original_img/患者001/患者001-术后-后牙-医生.jpg 214,59,352,183,6 130,63,220,167,5 42,71,135,158,4
./label_data_creat/original_img/患者002/患者002-术中-门牙-医生.jpg 78,61,197,221,3 192,101,293,229,4 299,132,376,241,5 0,77,84,206,2 300,220,410,316,6 206,205,297,318,5 119,191,210,319,4 25,189,121,306,3
./label_data_creat/original_img/患者002/患者002-术前-门牙-医生.jpg 92,24,205,157,3 209,33,301,157,4 295,51,382,157,5 5,21,96,149,2
./label_data_creat/original_img/患者002/患者002-术后-门牙-医生.jpg 89,21,204,181,3 205,57,304,197,4 302,94,387,212,5 3,21,95,161,2
./label_data_creat/original_img/患者004/患者004-术中-后牙-医生.jpg 65,113,270,328,7 186,61,410,275,6
./label_data_creat/original_img/患者004/患者004-术前-后牙-医生.jpg 15,105,162,276,7 133,98,301,272,6 265,84,383,219,5
./label_data_creat/original_img/患者004/患者004-术后-后牙-医生.jpg 21,88,210,287,7 136,33,358,222,6 281,1,413,113,5
./label_data_creat/original_img/患者005/患者005-术中-后牙-医生.jpg 2,81,170,249,6 117,43,250,182,5 184,2,316,110,4
./label_data_creat/original_img/患者005/患者005-术前-后牙-医生.jpg 52,58,210,204,6 165,37,286,164,5 225,4,340,111,4
./label_data_creat/original_img/患者005/患者005-术后-后牙-医生.jpg 40,25,185,183,6 173,51,286,168,5 251,19,373,136,4
./label_data_creat/original_img/患者006/患者006-术中-后牙-医生.jpg 124,79,254,229,5 2,4,172,198,6 215,129,340,263,4 317,142,413,259,3
./label_data_creat/original_img/患者006/患者006-术前-后牙-医生.jpg 62,51,204,219,5 172,99,305,259,4 291,134,415,254,3 1,3,111,188,6
./label_data_creat/original_img/患者006/患者006-术后-后牙-医生.jpg 1,4,205,175,6 127,89,275,245,5 215,169,350,315,4
./label_data_creat/original_img/患者007/患者007-术中-门牙-医生.jpg 1,49,140,217,6 135,46,276,237,5 276,57,411,243,4
./label_data_creat/original_img/患者007/患者007-术前-门牙-医生.jpg 1,43,142,218,6 142,48,272,230,5 271,43,414,247,4
./label_data_creat/original_img/患者007/患者007-术后-门牙-医生.jpg 2,44,152,214,6 155,54,283,228,5 283,56,413,243,4
./label_data_creat/original_img/患者008/患者008-术中-后牙-医生.jpg 290,61,414,220,6 198,65,287,194,5 99,64,197,186,4 2,64,105,175,3
./label_data_creat/original_img/患者008/患者008-术前-后牙-医生.jpg 256,60,410,208,6 167,84,276,214,5 63,96,177,229,4 1,136,81,246,3
./label_data_creat/original_img/患者008/患者008-术后-后牙-医生.jpg 274,57,408,209,6 191,67,279,190,5 98,62,191,180,4 1,69,101,169,3
./label_data_creat/original_img/患者009/患者009-术中-后牙-医生.jpg 54,59,173,168,7 173,67,292,174,6 281,59,369,146,5
./label_data_creat/original_img/患者009/患者009-术前-后牙-医生.jpg 261,66,378,170,7 157,75,267,179,6 82,71,163,156,5
./label_data_creat/original_img/患者009/患者009-术后-后牙-医生.jpg 35,86,162,203,7 148,63,279,177,6 250,30,347,121,5
./label_data_creat/original_img/患者010/患者010-术中-后牙-医生.jpg 263,50,410,210,6 160,54,263,183,5 49,25,164,160,4
./label_data_creat/original_img/患者010/患者010-术前-后牙-医生.jpg 241,35,387,185,6 144,48,243,175,5 49,38,145,157,4
./label_data_creat/original_img/患者010/患者010-术后-后牙-医生.jpg 234,51,392,212,6 125,57,241,192,5 31,39,132,169,4
./label_data_creat/original_img/患者011/患者011-术前-后牙-医生.jpg 118,33,280,189,6 98,146,249,275,7 157,4,290,67,5
./label_data_creat/original_img/患者011/患者011-术后-后牙-医生.jpg 141,65,242,162,6 122,146,223,239,7 163,8,246,78,5
./label_data_creat/original_img/患者012/患者012-术中-门牙-医生.jpg 77,55,202,197,1 2,79,82,185,2 198,56,322,199,1 322,72,404,186,2
./label_data_creat/original_img/患者012/患者012-术前-门牙-医生.jpg 3,69,76,170,2 75,43,194,187,1 192,42,318,182,1 318,52,404,163,2
./label_data_creat/original_img/患者012/患者012-术后-门牙-医生.jpg 81,51,205,188,1 202,47,319,185,1 321,56,401,170,2 9,68,85,172,2
./label_data_creat/original_img/患者014/患者014-术中-后牙-医生.jpg 7,36,137,185,6 134,35,228,162,5 228,47,322,171,4 322,66,413,163,3
./label_data_creat/original_img/患者014/患者014-术前-后牙-医生.jpg 3,63,142,215,6 134,48,237,181,5 236,57,335,185,4 335,64,413,178,3
./label_data_creat/original_img/患者014/患者014-术后-后牙-医生.jpg 2,4,133,116,6 118,12,213,123,5 187,52,287,168,4 260,93,365,188,3 300,183,388,242,2
./label_data_creat/original_img/患者015/患者015-术中-后牙-医生.jpg 93,65,307,263,6 261,2,403,171,7 3,101,99,245,5
./label_data_creat/original_img/患者015/患者015-术前-后牙-医生.jpg 2,41,138,179,7 129,45,284,198,6 254,132,361,241,5
./label_data_creat/original_img/患者015/患者015-术后-后牙-医生.jpg 246,93,361,219,7 136,37,261,177,6
./label_data_creat/original_img/患者016/患者016-术中-门牙-医生.jpg 211,36,326,154,1 77,28,210,159,1 325,38,412,145,2 0,65,90,166,2
./label_data_creat/original_img/患者016/患者016-术前-门牙-医生.jpg 90,64,201,179,1 201,63,315,177,1 316,73,400,177,2 8,85,90,180,2
./label_data_creat/original_img/患者016/患者016-术后-门牙-医生.jpg 81,38,210,168,1 208,35,333,165,1 332,54,412,166,2 3,79,89,179,2
./label_data_creat/original_img/患者017/患者017-术中-后牙-医生.jpg 21,35,140,149,7 139,63,267,183,6 262,105,347,198,5
./label_data_creat/original_img/患者017/患者017-术前-后牙-医生.jpg 31,21,224,208,6 205,90,383,280,7
./label_data_creat/original_img/患者017/患者017-术后-后牙-医生.jpg 58,76,194,199,7 189,58,320,174,6 317,51,408,146,5
./label_data_creat/original_img/患者018/患者018-术中-后牙-医生.jpg 111,41,253,220,6 246,94,380,274,7 5,25,113,178,5
./label_data_creat/original_img/患者018/患者018-术前-后牙-医生.jpg 121,35,286,234,6 282,71,412,268,7 11,34,131,206,5
./label_data_creat/original_img/患者018/患者018-术后-后牙-医生.jpg 110,33,253,214,6 234,100,375,274,7 7,12,118,160,5
./label_data_creat/original_img/患者019/患者019-术中-后牙-医生.jpg 52,104,150,216,7 137,96,246,198,6 230,83,310,175,5 294,50,378,148,4
./label_data_creat/original_img/患者019/患者019-术前-后牙-医生.jpg 104,92,188,209,7 180,94,278,211,6 274,99,345,203,5 338,81,413,184,4
./label_data_creat/original_img/患者019/患者019-术后-后牙-医生.jpg 9,170,140,313,7 102,133,250,275,6 214,101,332,221,5 289,45,416,169,4
./label_data_creat/original_img/患者020/患者020-术中-后牙-医生.jpg 19,45,170,201,7 158,63,315,223,6 308,62,413,210,5
./label_data_creat/original_img/患者020/患者020-术前-后牙-医生.jpg 50,66,171,237,7 168,89,313,260,6 298,112,401,254,5
./label_data_creat/original_img/患者020/患者020-术后-后牙-医生.jpg 28,64,156,188,7 136,66,262,186,6 252,55,336,164,5 321,45,414,147,4
./label_data_creat/original_img/患者021/患者021-术中-后牙-医生.jpg 22,52,159,217,7 156,47,301,210,6 300,57,410,199,5
./label_data_creat/original_img/患者021/患者021-术前-后牙-医生.jpg 22,119,183,296,7 141,63,315,246,6 270,23,411,171,5
./label_data_creat/original_img/患者021/患者021-术后-后牙-医生.jpg 7,54,117,192,7 117,55,238,189,6 235,67,325,184,5 325,72,415,181,4
./label_data_creat/original_img/患者022/患者022-术中-后牙-医生.jpg 262,144,410,296,7 129,82,289,233,6 62,57,165,164,5 3,5,107,100,4
./label_data_creat/original_img/患者022/患者022-术前-后牙-医生.jpg 230,93,337,212,7 128,61,246,171,6 65,39,143,126,5 6,4,94,83,4
./label_data_creat/original_img/患者022/患者022-术后-后牙-医生.jpg 282,140,406,262,7 165,106,294,228,6 92,86,177,179,5 33,52,116,135,4 0,3,62,77,3
./label_data_creat/original_img/患者023/患者023-术中-后牙-医生.jpg 6,6,202,207,6 181,27,369,231,7
./label_data_creat/original_img/患者023/患者023-术前-后牙-医生.jpg 4,20,180,228,6 172,9,365,219,7
./label_data_creat/original_img/患者023/患者023-术后-后牙-医生.jpg 4,10,181,209,7 171,15,353,216,6
./label_data_creat/original_img/患者024/患者024-术中-后牙-医生.jpg 185,20,398,244,7 1,5,196,225,6
./label_data_creat/original_img/患者024/患者024-术前-后牙-医生.jpg 211,24,395,231,7 29,5,228,203,6
./label_data_creat/original_img/患者024/患者024-术后-后牙-医生.jpg 202,25,408,226,7 11,22,214,222,6
./label_data_creat/original_img/患者025/患者025-术中-后牙-医生.jpg 189,90,281,186,7 125,53,213,143,6 65,46,131,108,5
./label_data_creat/original_img/患者025/患者025-术前-后牙-医生.jpg 146,76,245,173,7 97,16,196,104,6
./label_data_creat/original_img/患者025/患者025-术后-后牙-医生.jpg 247,86,327,166,7 167,71,253,143,6 120,82,175,142,5 71,83,125,132,4
./label_data_creat/original_img/患者026/患者026-术中-门牙-医生.jpg 148,72,232,152,1 232,70,319,150,1 327,65,394,143,2 66,67,131,147,2 0,73,73,153,3
./label_data_creat/original_img/患者026/患者026-术前-门牙-医生.jpg 191,77,279,149,1 276,67,359,141,1 108,75,174,141,2 20,68,109,136,3 350,42,409,118,2
./label_data_creat/original_img/患者026/患者026-术后-门牙-医生.jpg 134,50,215,130,1 213,47,293,129,1 293,53,357,119,2 356,57,413,126,3 64,47,137,124,2 14,44,77,111,3
./label_data_creat/original_img/患者027/患者027-术中-门牙-医生.jpg 74,22,184,143,1 183,12,294,132,1 283,32,374,151,2 349,84,414,184,3 3,57,102,176,2
./label_data_creat/original_img/患者027/患者027-术前-门牙-医生.jpg 117,4,216,113,1 217,13,318,126,1 289,60,380,158,2 34,29,128,131,2
./label_data_creat/original_img/患者027/患者027-术后-门牙-医生.jpg 130,5,242,126,1 238,1,343,123,1 54,36,156,145,2 328,32,412,145,2
./label_data_creat/original_img/患者028/患者028-术中-门牙-医生.jpg 115,46,262,235,4 256,56,414,250,5 1,60,115,232,3
./label_data_creat/original_img/患者028/患者028-术前-门牙-医生.jpg 2,64,135,222,3 140,50,273,218,4 269,59,410,234,5
./label_data_creat/original_img/患者028/患者028-术后-门牙-医生.jpg 2,86,143,246,3 127,57,266,227,4 255,54,406,218,5
./label_data_creat/original_img/患者029/患者029-术中-门牙-医生.jpg 162,88,299,191,6 279,81,410,185,7 79,89,180,202,5 2,101,92,206,4
./label_data_creat/original_img/患者029/患者029-术前-门牙-医生.jpg 156,75,282,169,6 269,74,391,160,7 76,73,160,170,5 0,71,83,170,4
./label_data_creat/original_img/患者029/患者029-术后-门牙-医生.jpg 157,105,291,203,6 272,95,397,187,7 78,110,170,217,5 0,114,94,220,4
./label_data_creat/original_img/患者030/患者030-术中-后牙-医生.jpg 133,99,277,238,6 266,80,409,228,7 35,97,139,214,5
./label_data_creat/original_img/患者030/患者030-术前-后牙-医生.jpg 123,95,273,244,6 242,58,386,194,7 39,127,143,246,5 0,125,57,248,4
./label_data_creat/original_img/患者030/患者030-术后-后牙-医生.jpg 21,44,135,160,5 104,73,265,222,6 253,105,398,248,7
./label_data_creat/original_img/患者031/患者031-术中-后牙-医生.jpg 22,50,132,165,7 117,44,236,159,6 224,45,303,145,5 287,27,378,124,4
./label_data_creat/original_img/患者031/患者031-术前-后牙-医生.jpg 19,75,137,200,7 120,64,246,183,6 234,63,320,170,5 303,41,397,150,4
./label_data_creat/original_img/患者031/患者031-术后-后牙-医生.jpg 31,54,135,163,7 127,48,233,155,6 225,57,300,146,5 283,38,367,130,4 358,18,414,101,3
./label_data_creat/original_img/患者032/患者032-术中-后牙-医生.jpg 267,29,396,170,7 154,25,282,159,6 70,39,170,151,5 1,42,89,145,4
./label_data_creat/original_img/患者032/患者032-术前-后牙-医生.jpg 255,39,398,177,7 129,36,268,169,6 43,42,146,158,5
./label_data_creat/original_img/患者032/患者032-术后-后牙-医生.jpg 0,49,83,154,4 73,49,166,157,5 154,42,284,163,6 275,42,396,170,7
./label_data_creat/original_img/患者033/患者033-术中-后牙-医生.jpg 96,32,192,146,7 160,2,272,109,6
./label_data_creat/original_img/患者033/患者033-术前-后牙-医生.jpg 87,40,193,155,7 182,28,295,157,6 289,24,389,145,5
./label_data_creat/original_img/患者033/患者033-术后-后牙-医生.jpg 109,52,215,156,7 186,1,303,108,6
./label_data_creat/original_img/患者034/患者034-术中-后牙-医生.jpg 267,30,381,151,7 145,23,276,141,6 70,39,151,134,5 1,44,79,128,4
./label_data_creat/original_img/患者034/患者034-术前-后牙-医生.jpg 255,36,364,147,7 141,20,264,138,6 65,30,144,122,5 1,34,82,116,4
./label_data_creat/original_img/患者034/患者034-术后-后牙-医生.jpg 272,43,394,168,7 150,20,285,160,6 72,36,156,146,5 1,42,96,141,4
./label_data_creat/original_img/患者035/患者035-术中-后牙-医生.jpg 172,62,296,206,4 289,57,405,206,5 38,67,176,187,3
./label_data_creat/original_img/患者035/患者035-术前-后牙-医生.jpg 42,60,169,172,3 162,51,281,188,4 275,49,386,185,5
./label_data_creat/original_img/患者035/患者035-术后-后牙-医生.jpg 0,28,99,166,3 92,21,231,196,4 227,24,358,199,5
./label_data_creat/original_img/患者036/患者036-术中-门牙-医生.jpg 266,57,414,228,4 125,58,274,225,3 3,53,131,217,2
./label_data_creat/original_img/患者036/患者036-术前-门牙-医生.jpg 3,35,121,179,2 122,36,270,195,3 269,40,408,203,4
./label_data_creat/original_img/患者036/患者036-术后-门牙-医生.jpg 265,44,411,228,4 111,36,271,227,3 1,34,109,215,2
./label_data_creat/original_img/患者037/患者037-术中-后牙-医生.jpg 161,18,297,162,6 296,23,413,161,7 69,35,165,153,5 1,39,73,142,4
./label_data_creat/original_img/患者037/患者037-术前-后牙-医生.jpg 276,22,414,168,7 132,16,277,166,6 38,23,139,150,5
./label_data_creat/original_img/患者037/患者037-术后-后牙-医生.jpg 0,37,69,139,4 69,33,157,148,5 153,23,284,158,6 282,34,412,166,7
./label_data_creat/original_img/患者038/患者038-术中-门牙-医生.jpg 3,89,118,251,1 114,78,227,229,2 226,73,327,230,3 331,114,410,243,4
./label_data_creat/original_img/患者038/患者038-术前-门牙-医生.jpg 11,62,129,207,1 127,38,232,180,2 235,24,330,193,3 332,72,413,200,4
./label_data_creat/original_img/患者038/患者038-术后-门牙-医生.jpg 6,63,126,217,1 124,47,239,198,2 234,32,332,201,3 333,55,412,211,4
./label_data_creat/original_img/患者039/患者039-术中-后牙-医生.jpg 1,90,94,226,4 84,61,182,190,5 170,39,310,192,6 287,17,404,175,7
./label_data_creat/original_img/患者039/患者039-术前-后牙-医生.jpg 3,38,108,176,4 106,43,194,174,5 190,53,310,214,6 299,81,403,235,7
./label_data_creat/original_img/患者039/患者039-术后-后牙-医生.jpg 15,79,124,211,4 106,62,204,180,5 184,39,320,191,6 286,30,401,166,7
./label_data_creat/original_img/患者040/患者040-术中-后牙-医生.jpg 7,38,136,187,6 128,65,219,195,5 213,55,318,184,4 313,53,415,162,3
./label_data_creat/original_img/患者040/患者040-术前-后牙-医生.jpg 7,51,132,204,6 115,74,205,210,5 201,74,304,208,4 303,97,409,207,3
./label_data_creat/original_img/患者040/患者040-术后-后牙-医生.jpg 4,68,133,214,6 133,78,219,208,5 218,64,320,192,4 316,62,413,166,3
./label_data_creat/original_img/患者041/患者041-术中-后牙-医生.jpg 28,59,144,177,7 138,31,271,155,6 263,33,346,135,5 342,28,414,123,4
./label_data_creat/original_img/患者041/患者041-术前-后牙-医生.jpg 15,53,134,174,7 130,23,259,161,6 257,38,336,145,5 329,35,414,131,4
./label_data_creat/original_img/患者041/患者041-术后-后牙-医生.jpg 43,49,155,172,7 150,37,275,153,6 271,41,344,141,5 343,41,415,127,4
./label_data_creat/original_img/患者043/患者043-术中-后牙-医生.jpg 4,40,127,210,7 127,33,275,212,6 251,40,355,182,5 330,38,414,185,4
./label_data_creat/original_img/患者043/患者043-术前-后牙-医生.jpg 5,40,147,211,7 127,21,298,205,6 261,24,372,175,5 331,23,413,176,4
./label_data_creat/original_img/患者043/患者043-术后-后牙-医生.jpg 1,28,149,207,7 132,21,296,211,6 257,32,368,185,5 335,38,415,191,4
./label_data_creat/original_img/患者044/患者044-术中-门牙-医生.jpg 88,32,212,175,1 212,31,336,173,1 337,59,415,164,2 1,50,91,162,2
./label_data_creat/original_img/患者044/患者044-术前-门牙-医生.jpg 0,56,95,172,2 92,43,220,181,1 222,39,344,182,1 346,70,412,176,2
./label_data_creat/original_img/患者044/患者044-术后-门牙-医生.jpg 1,57,92,179,2 96,58,219,190,1 217,47,338,185,1 340,71,412,171,2
./label_data_creat/original_img/患者045/患者045-术中-门牙-医生.jpg 135,20,214,96,1 214,27,287,100,1 291,36,342,102,2 340,31,378,101,3 83,32,143,102,2 32,24,94,104,3 7,32,50,95,4 374,39,407,94,4
./label_data_creat/original_img/患者045/患者045-术前-门牙-医生.jpg 135,5,213,81,1 212,6,287,82,1 286,18,339,83,2 334,4,376,74,3 376,12,408,63,4 81,14,137,86,2 36,5,92,86,3 12,16,53,74,4
./label_data_creat/original_img/患者045/患者045-术后-门牙-医生.jpg 141,5,219,78,1 217,7,289,79,1 290,17,337,79,2 335,15,372,78,3 93,13,147,75,2 47,5,100,78,3 21,17,63,73,4
./label_data_creat/original_img/患者046/患者046-术中-后牙-医生.jpg 20,32,155,162,7 142,57,277,192,6 260,93,342,196,5 332,118,414,205,4
./label_data_creat/original_img/患者046/患者046-术前-后牙-医生.jpg 3,19,135,161,7 112,66,262,210,6 228,124,319,228,5 301,164,407,252,4
./label_data_creat/original_img/患者046/患者046-术后-后牙-医生.jpg 25,12,156,143,7 140,58,277,187,6 253,112,344,210,5 324,146,414,232,4
./label_data_creat/original_img/患者047/患者047-术中-门牙-医生.jpg 133,46,193,116,1 196,47,258,119,1 259,42,306,109,2 303,46,344,111,3 343,61,374,113,4 86,50,137,110,2 60,55,92,112,3 39,64,67,113,4
./label_data_creat/original_img/患者047/患者047-术前-门牙-医生.jpg 121,72,209,170,1 208,78,299,181,1 46,44,122,142,2 287,50,368,154,2 3,9,74,90,3 336,5,415,95,3
./label_data_creat/original_img/患者047/患者047-术后-门牙-医生.jpg 152,109,211,180,1 212,109,283,185,1 267,82,329,162,2 94,83,153,157,2 57,55,114,122,3 22,23,94,73,4 303,45,366,118,3 328,2,402,69,4
./label_data_creat/original_img/患者048/患者048-术中-后牙-医生.jpg 273,11,400,131,7 148,21,281,144,6 67,34,152,131,5 2,60,74,145,4
./label_data_creat/original_img/患者048/患者048-术前-后牙-医生.jpg 156,19,282,147,6 283,21,398,144,7 74,28,160,115,5 2,42,79,119,4
./label_data_creat/original_img/患者048/患者048-术后-后牙-医生.jpg 155,12,282,131,6 283,12,400,127,7 71,19,159,109,5 2,47,77,128,4
./label_data_creat/original_img/患者049/患者049-术中-后牙-医生.jpg 15,23,163,169,7 159,23,319,167,6 310,28,415,144,5
./label_data_creat/original_img/患者049/患者049-术前-后牙-医生.jpg 23,36,176,188,7 162,38,324,184,6 307,42,415,164,5
./label_data_creat/original_img/患者049/患者049-术后-后牙-医生.jpg 2,21,151,170,7 147,16,307,161,6 301,13,407,138,5
./label_data_creat/original_img/患者050/患者050-术中-后牙-医生.jpg 2,32,117,172,7 100,18,235,158,6 233,27,321,159,5 321,24,416,153,4
./label_data_creat/original_img/患者050/患者050-术前-后牙-医生.jpg 0,17,116,155,7 103,13,232,156,6 230,32,321,152,5 320,31,414,158,4
./label_data_creat/original_img/患者050/患者050-术后-后牙-医生.jpg 0,23,113,162,7 100,21,232,157,6 232,37,321,158,5 320,35,414,161,4
./label_data_creat/original_img/患者051/患者051-术中-门牙-医生.jpg 4,70,110,227,2 109,54,219,254,3 208,27,324,222,4 289,30,403,171,5
./label_data_creat/original_img/患者051/患者051-术前-门牙-医生.jpg 4,60,121,238,2 120,38,244,262,3 222,17,342,221,4 308,19,413,169,5
./label_data_creat/original_img/患者051/患者051-术后-门牙-医生.jpg 4,112,115,264,2 111,84,225,288,3 207,47,328,245,4 279,31,398,184,5
./label_data_creat/original_img/患者052/患者052-术中-门牙-医生.jpg 4,91,127,244,2 96,17,202,217,3 214,21,319,199,4 321,47,411,201,5
./label_data_creat/original_img/患者052/患者052-术前-门牙-医生.jpg 1,73,153,261,2 119,31,229,247,3 233,34,326,241,4 330,69,408,240,5
./label_data_creat/original_img/患者052/患者052-术后-门牙-医生.jpg 8,115,133,269,2 94,37,209,242,3 209,41,320,226,4 321,68,410,225,5
./label_data_creat/original_img/患者053/患者053-术中-门牙-医生.jpg 4,59,125,221,1 124,59,216,212,2 218,28,324,213,3 326,50,415,222,4
./label_data_creat/original_img/患者053/患者053-术前-门牙-医生.jpg 2,39,121,213,1 122,51,210,203,2 216,36,321,206,3 326,46,413,214,4
./label_data_creat/original_img/患者053/患者053-术后-门牙-医生.jpg 4,66,119,226,1 121,60,211,221,2 208,37,322,212,3 328,52,415,226,4
./label_data_creat/original_img/患者054/患者054-术中-后牙-医生.jpg 181,60,337,212,6 73,47,189,152,5 0,20,95,123,4 329,76,414,215,7
./label_data_creat/original_img/患者054/患者054-术前-后牙-医生.jpg 167,56,318,212,6 305,75,412,223,7 66,41,185,154,5 2,7,100,120,4
./label_data_creat/original_img/患者054/患者054-术后-后牙-医生.jpg 156,55,301,209,6 285,42,413,202,7 54,52,168,164,5 1,29,80,146,4
./label_data_creat/original_img/患者055/患者055-术中-门牙-医生.jpg 257,17,413,176,1 132,31,280,156,2 6,13,136,161,3
./label_data_creat/original_img/患者055/患者055-术前-门牙-医生.jpg 245,54,412,203,1 123,56,286,181,2 1,43,135,184,3
./label_data_creat/original_img/患者055/患者055-术后-门牙-医生.jpg 249,24,411,176,1 123,23,283,159,2 9,15,136,166,3
./label_data_creat/original_img/患者056/患者056-术中-后牙-医生.jpg 138,15,312,215,6 303,46,413,205,5 1,20,142,209,7
./label_data_creat/original_img/患者056/患者056-术前-后牙-医生.jpg 5,49,150,239,7 138,24,300,232,6 298,32,415,203,5
./label_data_creat/original_img/患者056/患者056-术后-后牙-医生.jpg 2,15,138,194,7 138,19,305,209,6 304,65,409,210,5
./label_data_creat/original_img/患者057/患者057-术中-后牙-医生.jpg 1,10,130,134,7 131,5,253,133,6 252,22,340,120,5 335,8,412,101,4
./label_data_creat/original_img/患者057/患者057-术前-后牙-医生.jpg 2,9,128,120,7 129,7,248,128,6 247,24,334,121,5 332,13,413,98,4
./label_data_creat/original_img/患者057/患者057-术后-后牙-医生.jpg 6,15,128,129,7 128,16,251,136,6 251,35,339,131,5 331,26,413,110,4
./label_data_creat/original_img/患者058/患者058-术中-门牙-医生.jpg 5,65,189,208,6 182,59,301,189,5 295,47,413,193,4
./label_data_creat/original_img/患者058/患者058-术前-门牙-医生.jpg 2,45,183,198,6 183,58,296,192,5 297,47,409,190,4
./label_data_creat/original_img/患者058/患者058-术后-门牙-医生.jpg 4,59,190,199,6 186,67,296,189,5 292,54,411,199,4
./label_data_creat/original_img/患者059/患者059-术中-门牙-医生.jpg 303,36,414,189,2 192,18,309,197,3 90,39,205,208,4 1,94,97,207,5
./label_data_creat/original_img/患者059/患者059-术前-门牙-医生.jpg 297,40,411,195,2 189,39,299,199,3 90,46,199,217,4 4,100,97,215,5
./label_data_creat/original_img/患者059/患者059-术后-门牙-医生.jpg 294,48,409,203,2 185,35,303,212,3 87,55,201,225,4 6,109,97,220,5
./label_data_creat/original_img/患者060/患者060-术中-门牙-医生.jpg 1,52,137,156,6 136,48,221,162,5 223,25,314,160,4 315,18,405,166,3
./label_data_creat/original_img/患者060/患者060-术前-门牙-医生.jpg 117,98,212,213,5 210,66,314,210,4 312,60,408,207,3 5,103,118,209,6
./label_data_creat/original_img/患者060/患者060-术后-门牙-医生.jpg 310,43,410,202,3 207,44,310,200,4 107,57,211,189,5 4,59,115,167,6
./label_data_creat/original_img/患者061/患者061-术中-后牙-医生.jpg 15,23,128,149,7 113,33,242,161,6 231,56,318,159,5 320,69,413,157,4
./label_data_creat/original_img/患者061/患者061-术前-后牙-医生.jpg 23,21,128,147,7 121,25,242,152,6 237,30,322,144,5 323,36,413,130,4
./label_data_creat/original_img/患者061/患者061-术后-后牙-医生.jpg 19,22,123,142,7 121,19,243,139,6 238,23,320,132,5 320,24,412,119,4
./label_data_creat/original_img/患者062/患者062-术中-后牙-医生.jpg 204,19,362,167,6 102,33,209,153,5 5,58,113,160,4
./label_data_creat/original_img/患者062/患者062-术前-后牙-医生.jpg 192,19,338,156,6 92,31,190,143,5 2,52,101,149,4
./label_data_creat/original_img/患者062/患者062-术后-后牙-医生.jpg 186,12,341,156,6 96,35,201,150,5 0,55,107,159,4
./label_data_creat/original_img/患者063/患者063-术中-后牙-医生.jpg 4,28,133,153,6 130,37,215,148,5 213,29,310,143,4 307,23,412,119,3
./label_data_creat/original_img/患者063/患者063-术前-后牙-医生.jpg 4,26,136,160,6 130,40,217,156,5 213,32,313,155,4 312,33,414,141,3
./label_data_creat/original_img/患者063/患者063-术后-后牙-医生.jpg 5,20,132,153,6 128,27,220,146,5 215,23,313,136,4 313,17,415,117,3
./label_data_creat/original_img/患者064/患者064-术中-门牙-医生.jpg 9,21,139,162,6 139,35,219,147,5 219,33,318,154,4 312,9,408,139,3
./label_data_creat/original_img/患者064/患者064-术前-门牙-医生.jpg 6,36,146,146,6 146,34,229,137,5 224,26,326,141,4 320,16,413,136,3
./label_data_creat/original_img/患者064/患者064-术后-门牙-医生.jpg 6,25,145,144,6 148,38,223,133,5 223,29,315,158,4 320,19,406,140,3
./label_data_creat/original_img/患者065/患者065-术中-门牙-医生.jpg 2,72,159,184,7 166,61,352,191,6
./label_data_creat/original_img/患者065/患者065-术前-门牙-医生.jpg 4,57,151,217,7 154,36,349,214,6
./label_data_creat/original_img/患者065/患者065-术后-门牙-医生.jpg 4,65,159,220,7 162,32,354,227,6
./label_data_creat/original_img/患者066/患者066-术中-门牙-医生.jpg 255,20,399,195,6 146,10,262,171,5 59,11,197,123,4 7,83,139,191,3
./label_data_creat/original_img/患者066/患者066-术前-门牙-医生.jpg 247,11,393,185,6 106,22,224,172,5 18,41,140,169,4
./label_data_creat/original_img/患者066/患者066-术后-门牙-医生.jpg 239,21,407,234,6 111,14,247,203,5 13,17,170,147,4
./label_data_creat/original_img/患者067/患者067-术前-门牙-医生.jpg 290,71,411,202,6 218,62,314,189,5 119,51,239,194,4 7,54,127,203,3
./label_data_creat/original_img/患者067/患者067-术后-门牙-医生.jpg 308,95,413,227,6 229,66,321,204,5 144,52,251,200,4 30,41,147,200,3
./label_data_creat/original_img/患者068/患者068-术中-后牙-医生.jpg 151,67,302,221,6 295,96,415,236,7 75,79,165,182,5 1,88,87,189,4
./label_data_creat/original_img/患者068/患者068-术前-后牙-医生.jpg 150,8,294,140,6 284,30,413,164,7 78,17,158,101,5 0,20,79,105,4
./label_data_creat/original_img/患者068/患者068-术后-后牙-医生.jpg 150,35,295,181,6 78,57,162,166,5 2,45,86,145,4 280,23,413,164,7
./label_data_creat/original_img/患者069/患者069-术中-门牙-医生.jpg 29,14,214,247,1 213,46,393,260,1
./label_data_creat/original_img/患者070/患者070-术中-门牙-医生.jpg 183,37,347,168,6 94,61,201,171,5 5,67,109,202,4
./label_data_creat/original_img/患者070/患者070-术前-门牙-医生.jpg 183,28,356,169,6 90,44,202,162,5 2,35,107,184,4
./label_data_creat/original_img/患者070/患者070-术后-门牙-医生.jpg 182,14,342,138,6 89,34,196,136,5 3,31,104,164,4
./label_data_creat/original_img/患者071/患者071-术中-后牙-医生.jpg 5,18,128,144,7 127,27,255,146,6 255,48,339,145,5 328,59,412,150,4
./label_data_creat/original_img/患者071/患者071-术前-后牙-医生.jpg 120,35,255,158,6 3,30,130,161,7 251,51,332,149,5 331,62,412,154,4
./label_data_creat/original_img/患者071/患者071-术后-后牙-医生.jpg 0,27,124,148,7 124,27,249,146,6 249,36,331,134,5 330,47,414,139,4
./label_data_creat/original_img/患者072/患者072-术中-门牙-医生.jpg 12,72,135,191,6 131,67,218,192,5 217,49,320,188,4 307,25,411,163,3
./label_data_creat/original_img/患者072/患者072-术前-门牙-医生.jpg 12,54,137,168,6 138,55,224,160,5 223,39,320,157,4 317,17,412,161,3
./label_data_creat/original_img/患者072/患者072-术后-门牙-医生.jpg 9,80,129,200,6 127,76,214,197,5 214,52,315,194,4 310,29,411,172,3
./label_data_creat/original_img/患者073/患者073-术中-门牙-医生.jpg 186,69,310,220,4 288,56,407,199,5 81,61,191,230,3 2,17,92,168,2
./label_data_creat/original_img/患者073/患者073-术前-门牙-医生.jpg 1,15,88,164,2 85,38,192,212,3 194,47,315,195,4 291,30,413,164,5
./label_data_creat/original_img/患者073/患者073-术后-门牙-医生.jpg 3,8,97,151,2 79,40,185,219,3 184,76,306,227,4 298,74,411,229,5
./label_data_creat/original_img/患者075/患者075-术中-后牙-医生.jpg 235,6,408,213,6 141,35,246,190,5 18,35,149,197,4
./label_data_creat/original_img/患者075/患者075-术前-后牙-医生.jpg 233,12,407,242,6 122,48,243,224,5 18,60,163,249,4
./label_data_creat/original_img/患者075/患者075-术后-后牙-医生.jpg 214,1,412,213,6 143,65,227,215,5 25,62,153,237,4
./label_data_creat/original_img/患者076/患者076-术中-后牙-医生.jpg 3,16,140,160,7 134,49,287,187,6 298,87,394,188,5
./label_data_creat/original_img/患者076/患者076-术前-后牙-医生.jpg 7,33,134,153,7 133,48,257,174,6 281,76,365,165,5
./label_data_creat/original_img/患者076/患者076-术后-后牙-医生.jpg 2,24,117,142,7 115,42,246,164,6 263,68,354,162,5
./label_data_creat/original_img/患者077/患者077-术中-后牙-医生.jpg 1,37,159,208,6 143,90,259,217,5 243,136,354,255,4
./label_data_creat/original_img/患者077/患者077-术前-后牙-医生.jpg 1,35,153,195,6 150,74,257,194,5 252,117,357,221,4
./label_data_creat/original_img/患者077/患者077-术后-后牙-医生.jpg 0,47,149,217,6 139,87,250,229,5 243,128,355,248,4
./label_data_creat/original_img/患者078/患者078-术中-后牙-医生.jpg 8,29,157,208,7 149,30,311,212,6 309,63,413,212,5
./label_data_creat/original_img/患者078/患者078-术前-后牙-医生.jpg 6,23,156,199,7 140,13,306,198,6 297,46,411,192,5
./label_data_creat/original_img/患者078/患者078-术后-后牙-医生.jpg 11,37,152,216,7 142,42,304,225,6 302,77,410,230,5
./label_data_creat/original_img/患者079/患者079-术中-后牙-医生.jpg 10,39,126,136,7 123,18,249,140,6 250,36,325,123,5 325,37,405,118,4
./label_data_creat/original_img/患者079/患者079-术前-后牙-医生.jpg 9,32,129,151,7 127,43,254,173,6 251,70,326,163,5 329,88,409,170,4
./label_data_creat/original_img/患者079/患者079-术后-后牙-医生.jpg 2,10,123,124,7 124,14,250,144,6 253,41,332,132,5 329,55,413,140,4
./label_data_creat/original_img/患者080/患者080-术前-门牙-医生.jpg 184,60,319,229,1 56,85,189,241,1 312,79,414,219,2 1,121,75,248,2
./label_data_creat/original_img/患者080/患者080-术后-门牙-医生.jpg 84,73,203,226,1 205,53,333,220,1 329,76,413,214,2 2,113,86,235,2
./label_data_creat/original_img/患者081/患者081-术中-门牙-医生.jpg 81,35,196,181,4 2,52,93,170,5 189,21,306,173,3 304,47,413,184,2
./label_data_creat/original_img/患者081/患者081-术前-门牙-医生.jpg 314,45,415,182,2 192,27,312,177,3 88,38,199,185,4 3,59,95,179,5
./label_data_creat/original_img/患者081/患者081-术后-门牙-医生.jpg 311,40,414,173,2 185,11,312,165,3 78,30,192,175,4 2,54,86,173,5
./label_data_creat/original_img/患者082/患者082-术中-门牙-医生.jpg 184,28,304,216,3 303,38,414,174,4 81,16,185,179,2 6,17,76,154,1
./label_data_creat/original_img/患者082/患者082-术前-门牙-医生.jpg 182,31,298,220,3 73,21,178,186,2 2,12,76,155,1 298,44,411,176,4
./label_data_creat/original_img/患者082/患者082-术后-门牙-医生.jpg 1,20,85,162,1 85,21,190,178,2 192,25,303,203,3 304,23,409,160,4
./label_data_creat/original_img/患者083/患者083-术中-后牙-医生.jpg 178,12,386,208,6 55,44,195,184,5 3,70,80,215,4
./label_data_creat/original_img/患者083/患者083-术前-后牙-医生.jpg 153,30,371,254,6 42,69,179,237,5
./label_data_creat/original_img/患者083/患者083-术后-后牙-医生.jpg 176,10,383,222,6 55,59,204,203,5 2,97,100,243,4
./label_data_creat/original_img/患者084/患者084-术中-后牙-医生.jpg 277,43,402,184,7 141,29,284,176,6 59,43,150,148,5 2,58,75,155,4
./label_data_creat/original_img/患者084/患者084-术前-后牙-医生.jpg 277,44,405,170,7 142,35,284,160,6 65,48,149,139,5 1,64,74,147,4
./label_data_creat/original_img/患者084/患者084-术后-后牙-医生.jpg 281,36,406,179,7 153,26,288,171,6 70,47,159,152,5 1,73,88,166,4
./label_data_creat/original_img/患者085/患者085-术中-后牙-医生.jpg 293,26,406,137,7 161,20,291,132,6 75,34,162,123,5 4,12,88,93,4
./label_data_creat/original_img/患者085/患者085-术前-后牙-医生.jpg 287,17,408,131,7 162,22,292,139,6 78,51,165,144,5 1,33,88,121,4
./label_data_creat/original_img/患者085/患者085-术后-后牙-医生.jpg 283,26,404,136,7 163,29,289,136,6 80,48,169,138,5 4,29,90,111,4
./label_data_creat/original_img/患者086/患者086-术中-后牙-医生.jpg 1,37,126,183,7 122,24,273,168,6 267,53,364,172,5
./label_data_creat/original_img/患者086/患者086-术前-后牙-医生.jpg 8,25,144,178,7 142,15,294,168,6 287,45,390,173,5
./label_data_creat/original_img/患者086/患者086-术后-后牙-医生.jpg 16,35,154,180,7 138,33,292,181,6 282,74,371,186,5
./label_data_creat/original_img/患者087/患者087-术中-后牙-医生.jpg 35,23,178,157,6 178,52,271,153,5 270,64,361,168,4 345,115,413,184,3
./label_data_creat/original_img/患者087/患者087-术前-后牙-医生.jpg 67,13,225,160,6 219,48,319,162,5 317,86,413,180,4
./label_data_creat/original_img/患者087/患者087-术后-后牙-医生.jpg 3,25,110,145,7 110,23,247,152,6 247,59,333,153,5 333,82,411,176,4
./label_data_creat/original_img/患者088/患者088-术中-后牙-医生.jpg 39,35,178,159,7 178,43,316,185,6 304,85,389,185,5
./label_data_creat/original_img/患者088/患者088-术前-后牙-医生.jpg 25,35,142,151,7 133,65,271,194,6 235,115,314,207,5 312,120,400,214,4
./label_data_creat/original_img/患者088/患者088-术后-后牙-医生.jpg 23,50,180,197,7 167,72,319,234,6 284,122,386,243,5
./label_data_creat/original_img/患者089/患者089-术中-门牙-医生.jpg 228,21,402,183,6 97,30,227,199,5 0,30,120,217,4
./label_data_creat/original_img/患者089/患者089-术前-门牙-医生.jpg 238,75,408,243,6 101,60,225,229,5 1,47,106,251,4
./label_data_creat/original_img/患者089/患者089-术后-门牙-医生.jpg 224,43,407,220,6 97,42,226,227,5 3,38,115,231,4
./label_data_creat/original_img/患者090/患者090-术中-门牙-医生.jpg 2,4,142,149,6 117,18,222,180,5 220,13,320,181,4 313,2,413,159,3
./label_data_creat/original_img/患者091/患者091-术中-后牙-医生.jpg 42,32,172,154,7 171,33,304,163,6 307,39,393,139,5
./label_data_creat/original_img/患者091/患者091-术前-后牙-医生.jpg 1,15,113,154,7 115,31,257,169,6 255,48,345,157,5 348,49,414,148,4
./label_data_creat/original_img/患者091/患者091-术后-后牙-医生.jpg 2,26,135,165,7 135,30,282,170,6 283,41,380,155,5
./label_data_creat/original_img/患者092/患者092-术中-门牙-医生.jpg 125,45,199,140,1 202,44,271,141,1 278,59,335,137,2 339,55,389,142,3 72,54,126,127,2 33,62,76,134,3 4,71,39,136,4
./label_data_creat/original_img/患者092/患者092-术前-门牙-医生.jpg 132,50,191,133,1 194,50,257,135,1 262,59,313,132,2 313,49,359,122,3 361,63,396,122,4 82,67,129,125,2 50,65,88,124,3 27,71,56,125,4
./label_data_creat/original_img/患者092/患者092-术后-门牙-医生.jpg 124,24,196,115,1 198,23,269,116,1 269,35,329,118,2 330,30,387,114,3 65,31,126,108,2 32,36,73,104,3 2,43,33,106,4 386,57,413,122,4
./label_data_creat/original_img/患者094/患者094-术中-门牙-医生.jpg 260,55,380,240,3 130,34,267,252,4 4,74,148,235,5
./label_data_creat/original_img/患者094/患者094-术前-门牙-医生.jpg 173,30,284,193,3 277,22,363,169,2 59,43,178,225,4 1,106,83,243,5
./label_data_creat/original_img/患者094/患者094-术后-门牙-医生.jpg 106,33,242,254,4 12,100,123,254,5 237,11,362,212,3
./label_data_creat/original_img/患者095/患者095-术中-后牙-医生.jpg 72,9,223,148,6 224,26,318,140,5 319,30,414,132,4
./label_data_creat/original_img/患者095/患者095-术前-后牙-医生.jpg 2,14,122,139,7 121,19,246,144,6 251,36,332,130,5 333,38,413,120,4
./label_data_creat/original_img/患者095/患者095-术后-后牙-医生.jpg 2,9,119,134,7 124,9,252,136,6 254,31,333,127,5 335,32,412,115,4
./label_data_creat/original_img/患者096/患者096-术中-门牙-医生.jpg 35,64,151,262,3 147,83,256,276,4 251,100,364,252,5
./label_data_creat/original_img/患者096/患者096-术前-门牙-医生.jpg 37,52,140,237,3 142,75,237,248,4 230,84,332,233,5 325,85,415,220,6
./label_data_creat/original_img/患者096/患者096-术后-门牙-医生.jpg 39,87,149,285,3 155,109,253,298,4 257,120,361,285,5
./label_data_creat/original_img/患者097/患者097-术中-门牙-医生.jpg 111,77,210,196,1 209,87,313,194,1 297,65,377,155,2 341,1,415,103,3 39,62,123,161,2 2,16,76,113,3
./label_data_creat/original_img/患者097/患者097-术前-门牙-医生.jpg 119,83,222,202,1 220,86,328,207,1 311,65,403,162,2 21,59,122,165,2 0,7,75,111,3
./label_data_creat/original_img/患者097/患者097-术后-门牙-医生.jpg 132,84,232,190,1 232,79,332,186,1 303,38,382,136,2 50,74,134,170,2 3,24,79,129,3
./label_data_creat/original_img/患者098/患者098-术中-后牙-医生.jpg 9,99,142,223,7 118,59,267,199,6 234,39,342,154,5 317,18,414,136,4
./label_data_creat/original_img/患者098/患者098-术前-后牙-医生.jpg 96,50,231,200,6 229,60,323,185,5 322,70,416,171,4 1,49,102,195,7
./label_data_creat/original_img/患者098/患者098-术后-后牙-医生.jpg 6,37,134,186,7 123,31,267,187,6 255,32,356,166,5 354,35,415,166,4
./label_data_creat/original_img/患者099/患者099-术中-后牙-医生.jpg 8,25,139,153,7 137,42,266,170,6 258,70,343,171,5 343,79,415,173,4
./label_data_creat/original_img/患者099/患者099-术前-后牙-医生.jpg 2,28,119,156,7 118,35,242,166,6 244,60,331,165,5 334,63,414,161,4
./label_data_creat/original_img/患者099/患者099-术后-后牙-医生.jpg 10,17,134,131,7 135,22,252,146,6 253,40,332,135,5 335,40,413,131,4
./label_data_creat/original_img/患者100/患者100-术中-门牙-医生.jpg 160,58,231,151,2 231,61,305,174,3 307,80,381,161,4 114,46,170,140,1 65,58,126,148,1
./label_data_creat/original_img/患者100/患者100-术前-门牙-医生.jpg 3,26,64,131,1 54,16,122,124,1 109,26,195,132,2 192,28,283,155,3 283,36,371,149,4
./label_data_creat/original_img/患者100/患者100-术后-门牙-医生.jpg 56,55,119,140,1 106,38,162,141,1 156,58,228,155,2 225,67,300,179,3 307,85,382,180,4
./label_data_creat/original_22/患者10/患者10-术中-后牙-医生.jpg 2,8,105,156,7 102,6,233,156,6 225,4,317,135,5 316,24,411,156,4
./label_data_creat/original_22/患者10/患者10-术前-后牙-医生.jpg 5,9,104,156,7 105,9,230,162,6 225,1,315,135,5 314,29,412,158,4
./label_data_creat/original_22/患者10/患者10-术后-后牙-医生.jpg 0,2,105,158,7 106,9,239,161,6 235,7,333,143,5 332,31,414,162,4
./label_data_creat/original_22/患者11/患者11-术中-后牙-医生.jpg 314,22,407,129,7 215,6,320,113,6 158,8,223,108,5 87,22,155,113,4 24,38,90,113,3
./label_data_creat/original_22/患者11/患者11-术前-后牙-医生.jpg 304,12,403,123,7 199,3,307,114,6 133,15,206,113,5 66,30,141,123,4 0,56,70,124,3
./label_data_creat/original_22/患者11/患者11-术后-后牙-医生.jpg 315,15,409,119,7 217,4,316,105,6 150,8,224,106,5 91,22,160,107,4 26,35,94,111,3
./label_data_creat/original_22/患者12/患者12-术中-后牙-医生.jpg 3,12,128,125,7 127,5,255,125,6 253,25,336,113,5 337,31,413,118,4
./label_data_creat/original_22/患者12/患者12-术前-后牙-医生.jpg 9,10,128,130,7 127,4,247,132,6 248,30,329,127,5 331,37,409,125,4
./label_data_creat/original_22/患者12/患者12-术后-后牙-医生.jpg 4,8,125,121,7 127,11,255,111,6 254,12,337,117,5 336,33,412,113,4
./label_data_creat/original_22/患者13/患者13-术中-门牙-医生.jpg 74,14,197,187,1 206,19,327,205,1 328,33,413,200,2 2,39,74,184,2
./label_data_creat/original_22/患者13/患者13-术前-门牙-医生.jpg 84,18,197,189,1 205,16,326,200,1 333,20,413,188,2 2,30,78,184,2
./label_data_creat/original_22/患者13/患者13-术后-门牙-医生.jpg 78,31,202,208,1 204,31,327,220,1 330,42,412,208,2 4,54,78,205,2
./label_data_creat/original_22/患者14/患者14-术中-后牙-医生.jpg 164,14,300,132,6 289,51,409,178,7 82,41,171,133,5 2,51,83,146,4
./label_data_creat/original_22/患者14/患者14-术前-后牙-医生.jpg 169,9,304,130,6 290,52,411,179,7 84,31,171,123,5 2,37,85,130,4
./label_data_creat/original_22/患者14/患者14-术后-后牙-医生.jpg 171,15,303,134,6 287,59,412,190,7 86,32,173,132,5 0,39,87,130,4
./label_data_creat/original_22/患者15/患者15-术中-门牙-医生.jpg 8,16,124,119,6 118,16,205,129,5 207,13,306,137,4 305,7,410,142,3
./label_data_creat/original_22/患者15/患者15-术前-门牙-医生.jpg 6,35,120,137,6 116,36,210,143,5 205,31,301,147,4 301,7,405,144,3
./label_data_creat/original_22/患者15/患者15-术后-门牙-医生.jpg 4,37,122,138,6 123,37,213,146,5 208,27,305,148,4 309,8,413,144,3
./label_data_creat/original_22/患者16/患者16-术中-门牙-医生.jpg 3,16,118,115,6 121,16,206,129,5 205,17,303,140,4 301,4,410,145,3
./label_data_creat/original_22/患者17/患者17-术中-后牙-医生.jpg 282,28,411,182,6 191,44,285,162,5 94,31,194,155,4 3,17,98,126,3
./label_data_creat/original_22/患者17/患者17-术前-后牙-医生.jpg 278,32,411,189,6 196,54,284,171,5 89,28,197,167,4 1,17,92,139,3
./label_data_creat/original_22/患者17/患者17-术后-后牙-医生.jpg 280,27,412,181,6 198,47,285,160,5 100,33,196,159,4 3,19,104,121,3
./label_data_creat/original_22/患者18/患者18-术中-后牙-医生.jpg 283,13,413,131,7 156,10,290,135,6 85,32,162,126,5 3,19,83,100,4
./label_data_creat/original_22/患者18/患者18-术前-后牙-医生.jpg 278,21,406,141,7 157,13,284,140,6 80,22,160,122,5 4,5,84,92,4
./label_data_creat/original_22/患者19/患者19-术中-后牙-医生.jpg 278,3,412,131,7 139,16,280,149,6 53,22,134,125,5 3,5,85,105,4
./label_data_creat/original_22/患者19/患者19-术后-后牙-医生.jpg 275,3,411,135,7 142,16,278,139,6 58,20,141,123,5 6,4,89,94,4
./label_data_creat/original_22/患者1/患者1-术中-后牙-医生.jpg 298,14,411,144,7 179,4,304,148,6 95,18,188,132,5 3,17,100,136,4
./label_data_creat/original_22/患者1/患者1-术前-后牙-医生.jpg 298,16,410,142,7 179,10,306,139,6 99,17,191,126,5 13,22,98,126,4
./label_data_creat/original_22/患者1/患者1-术后-后牙-医生.jpg 297,14,410,149,7 181,6,302,148,6 90,12,184,125,5 3,19,98,130,4
./label_data_creat/original_22/患者20/患者20-术中-后牙-医生.jpg 8,21,126,138,7 126,7,238,126,6 237,17,313,118,5 313,17,405,125,4
./label_data_creat/original_22/患者20/患者20-术前-后牙-医生.jpg 6,22,122,140,7 123,8,235,140,6 239,17,312,120,5 314,25,410,137,4
./label_data_creat/original_22/患者20/患者20-术后-后牙-医生.jpg 4,24,129,138,7 126,5,239,130,6 238,7,313,113,5 319,16,405,124,4
./label_data_creat/original_22/患者21/患者21-术中-后牙-医生.jpg 291,31,398,150,7 175,25,294,140,6 86,39,175,131,5 10,59,100,145,4
./label_data_creat/original_22/患者21/患者21-术前-后牙-医生.jpg 295,26,407,152,7 175,27,297,140,6 90,49,174,138,5 13,75,98,157,4
./label_data_creat/original_22/患者22/患者22-术中-后牙-医生.jpg 292,24,413,144,7 167,27,292,139,6 86,35,170,128,5 4,34,91,112,4
./label_data_creat/original_22/患者22/患者22-术前-后牙-医生.jpg 293,38,405,148,7 165,31,290,145,6 86,32,166,129,5 5,31,91,113,4
./label_data_creat/original_22/患者2/患者2-术中-后牙-医生.jpg 6,57,121,198,7 104,53,233,195,6 231,77,320,190,5 313,61,412,176,4
./label_data_creat/original_22/患者2/患者2-术前-后牙-医生.jpg 0,57,115,195,7 109,58,232,204,6 231,83,319,204,5 318,77,412,198,4
./label_data_creat/original_22/患者2/患者2-术后-后牙-医生.jpg 7,55,120,191,7 105,50,237,188,6 236,77,320,186,5 320,66,415,183,4
./label_data_creat/original_22/患者3/患者3-术中-后牙-医生.jpg 5,6,123,135,7 124,12,258,140,6 259,27,335,129,5 333,17,413,106,4
./label_data_creat/original_22/患者3/患者3-术前-后牙-医生.jpg 7,7,127,133,7 129,15,256,133,6 259,18,339,119,5 331,13,413,97,4
./label_data_creat/original_22/患者4/患者4-术中-后牙-医生.jpg 279,19,406,143,7 159,15,285,134,6 75,22,163,107,5 3,29,81,117,4
./label_data_creat/original_22/患者5/患者5-术中-后牙-医生.jpg 10,35,131,153,7 126,27,253,140,6 245,51,328,150,5 327,67,412,164,4
./label_data_creat/original_22/患者6/患者6-术中-门牙-医生.jpg 12,58,123,207,6 116,55,212,220,5 214,45,311,222,4 313,36,405,217,3
./label_data_creat/original_22/患者6/患者6-术前-门牙-医生.jpg 8,29,123,187,6 120,31,212,190,5 211,33,300,199,4 308,28,400,193,3
./label_data_creat/original_22/患者6/患者6-术后-门牙-医生.jpg 12,24,132,180,6 128,28,219,182,5 221,21,313,186,4 313,11,410,177,3
./label_data_creat/original_22/患者7/患者7-术中-后牙-医生.jpg 269,21,404,161,7 133,26,271,153,6 62,40,147,144,5 2,23,67,117,4
./label_data_creat/original_22/患者8/患者8-术中-后牙-医生.jpg 8,29,122,159,7 107,23,223,147,6 223,43,317,145,5 307,68,396,176,4
./label_data_creat/original_22/患者8/患者8-术后-后牙-医生.jpg 15,30,117,165,7 101,21,221,151,6 222,42,316,153,5 300,73,397,182,4
./label_data_creat/original_22/患者9/患者9-术中-后牙-医生.jpg 288,4,409,147,7 173,17,308,164,6 88,13,176,139,5 1,48,92,168,4
./label_data_creat/original_30/001/201907_190909-患者1-术中-B7-医生.jpg 95,23,233,164,7 226,17,355,173,6 342,31,413,173,5
./label_data_creat/original_30/001/201907_190909-患者1-术前-B7-医生.jpg 114,28,231,161,7 225,20,345,157,6 349,46,414,170,5
./label_data_creat/original_30/001/201907_190909-患者1-术后-B7-医生.jpg 98,13,222,148,7 220,13,335,140,6 331,30,410,149,5
./label_data_creat/original_30/002/201907_190909-患者2-术前-D6-医生.jpg 11,19,126,151,7 125,26,252,152,6 243,44,333,153,5 326,67,411,158,4
./label_data_creat/original_30/002/201907_190909-患者2-术后-D6-医生.jpg 8,18,123,137,7 112,17,241,140,6 238,42,326,134,5 325,51,406,151,4
./label_data_creat/original_30/002/201907_190909-患者3-术中-D6-医生.jpg 11,13,131,138,7 124,10,258,144,6 246,29,339,134,5 327,57,413,144,4
./label_data_creat/original_30/003/201907_190909-患者3-术中-D7-医生.jpg 283,26,405,153,7 146,29,292,154,6 85,34,164,138,5 0,19,89,124,4
./label_data_creat/original_30/003/201907_190909-患者3-术前-D7-医生.jpg 290,35,411,158,7 161,29,295,154,6 87,40,164,141,5 2,28,90,120,4
./label_data_creat/original_30/003/201907_190909-患者3-术后-D7-医生.jpg 284,15,413,143,7 155,24,295,141,6 86,32,170,134,5 4,14,92,120,4
./label_data_creat/original_30/004/201907_190909-患者4-术中-A7-医生.jpg 6,25,124,172,7 112,20,235,170,6 224,37,322,175,5 308,40,413,170,4
./label_data_creat/original_30/004/201907_190909-患者4-术前-A7-医生.jpg 4,14,126,148,7 101,11,235,152,6 214,12,321,152,5 305,17,405,140,4
./label_data_creat/original_30/004/201907_190909-患者4-术后-A7-医生.jpg 6,21,131,159,7 108,7,238,166,6 231,20,320,161,5 311,23,406,156,4
./label_data_creat/original_30/005/201907_190909-患者5-术中-B1-医生.jpg 201,24,319,164,1 97,22,214,165,1 308,13,401,142,2 6,21,100,159,2
./label_data_creat/original_30/005/201907_190909-患者5-术前-B1-医生.jpg 99,22,216,171,1 200,16,318,164,1 315,13,405,148,2 6,17,100,157,2
./label_data_creat/original_30/005/201907_190909-患者5-术后-B1-医生.jpg 102,26,211,173,1 206,28,320,166,1 306,14,410,147,2 7,17,105,162,2
./label_data_creat/original_30/006/201907_190909-患者6-术中-D7-医生.jpg 294,12,406,133,7 160,9,294,133,6 83,14,169,110,5 0,7,89,99,4
./label_data_creat/original_30/006/201907_190909-患者6-术前-D7-医生.jpg 299,15,412,147,7 165,8,299,142,6 92,15,180,114,5 9,8,102,102,4
./label_data_creat/original_30/006/201907_190909-患者6-术后-D7-医生.jpg 289,19,406,142,7 158,15,296,146,6 86,20,168,125,5 3,19,91,123,4
./label_data_creat/original_30/007/201907_190909-患者7-术中-B2-医生.jpg 5,18,152,178,1 152,32,251,167,2 245,20,338,178,3 338,58,414,176,4
./label_data_creat/original_30/007/201907_190909-患者7-术前-B2-医生.jpg 9,15,141,174,1 146,46,236,160,2 234,28,330,159,3 330,48,410,158,4
./label_data_creat/original_30/007/201907_190909-患者7-术后-B2-医生.jpg 2,27,154,202,1 153,45,253,186,2 256,43,338,190,3 345,61,413,192,4
./label_data_creat/original_30/008/201907_190909-患者8-术中-A3-医生.jpg 224,26,320,164,3 139,45,234,183,4 76,91,158,197,5 0,94,102,199,6 328,60,409,169,2
./label_data_creat/original_30/008/201907_190909-患者8-术前-A3-医生.jpg 320,71,409,194,2 227,43,322,181,3 137,65,230,190,4 80,91,166,186,5 5,80,94,188,6
./label_data_creat/original_30/008/201907_190909-患者8-术后-A3-医生.jpg 323,54,413,188,2 212,15,322,190,3 139,56,232,206,4 92,109,157,203,5 0,84,95,220,6
./label_data_creat/original_30/009/201907_190909-患者9-术中-C7-医生.JPG 36,87,150,199,7 144,80,260,204,6 259,95,332,187,5 326,99,408,193,4
./label_data_creat/original_30/009/201907_190909-患者9-术前-C7-医生.JPG 79,122,183,228,7 175,113,287,218,6 285,123,348,201,5 343,122,414,202,4
./label_data_creat/original_30/009/201907_190909-患者9-术后-C7-医生.JPG 26,118,134,235,7 129,113,238,234,6 241,123,308,224,5 309,132,382,225,4
./label_data_creat/original_30/010/201907_190909-患者10-术中-D2-医生.JPG 108,88,200,222,1 196,76,291,210,1 290,83,363,196,2 30,100,107,222,2 357,73,414,197,3
./label_data_creat/original_30/010/201907_190909-患者10-术前-D2-医生.JPG 115,96,213,225,1 200,81,294,217,1 294,95,365,211,2 43,108,122,242,2 350,91,415,206,3
./label_data_creat/original_30/010/201907_190909-患者10-术后-D2-医生.JPG 114,95,211,227,1 204,87,305,221,1 301,86,388,211,2 35,111,115,242,2
./label_data_creat/original_30/011/201907_190909-患者11-术中-C7-医生.JPG 42,126,152,228,7 147,114,260,216,6 248,117,324,201,5 320,105,396,193,4
./label_data_creat/original_30/011/201907_190909-患者11-术前-C7-医生.JPG 71,84,164,177,7 163,73,263,173,6 261,83,327,163,5 317,66,395,148,4
./label_data_creat/original_30/011/201907_190909-患者11-术后-C7-医生.JPG 56,127,159,230,7 154,116,253,225,6 250,130,318,215,5 312,119,381,206,4
./label_data_creat/original_30/012/201907_190909-患者12-术中-B7-医生.JPG 281,87,386,228,7 177,94,294,225,6 95,96,179,217,5 6,102,103,221,4
./label_data_creat/original_30/012/201907_190909-患者12-术前-B7-医生.JPG 271,71,378,210,7 173,86,287,214,6 88,82,179,199,5 7,95,102,210,4
./label_data_creat/original_30/012/201907_190909-患者12-术后-B7-医生.JPG 294,84,393,224,7 195,85,310,224,6 103,73,198,208,5 22,82,121,206,4
./label_data_creat/original_30/013/201907_190909-患者13-术中-D7-医生.JPG 13,109,149,239,7 142,84,279,221,6 268,68,360,189,5
./label_data_creat/original_30/013/201907_190909-患者13-术前-D7-医生.JPG 25,88,138,211,7 134,73,255,202,6 253,83,330,178,5
./label_data_creat/original_30/013/201907_190909-患者13-术后-D7-医生.JPG 52,117,145,223,7 141,106,254,216,6 254,115,318,212,5 315,112,386,186,4
./label_data_creat/original_30/014/201907_190909-患者14-术中-C6-医生.JPG 25,113,132,218,7 133,106,251,220,6 241,93,327,177,5 327,93,400,187,4
./label_data_creat/original_30/014/201907_190909-患者14-术前-C6-医生.JPG 38,92,143,206,7 143,89,255,215,6 258,75,330,184,5 330,87,409,195,4
./label_data_creat/original_30/014/201907_190909-患者14-术后-C6-医生.JPG 27,90,142,212,7 132,96,258,218,6 256,88,340,186,5 334,97,412,199,4
./label_data_creat/original_30/015/201907_190909-患者15-术中-D2-医生.JPG 203,116,302,242,1 106,120,202,243,1 43,133,115,256,2 291,123,361,233,2 357,122,414,233,3
./label_data_creat/original_30/015/201907_190909-患者15-术前-D2-医生.JPG 132,137,218,248,1 221,132,313,242,1 67,154,137,252,2 12,158,70,248,3 312,137,355,226,2 354,138,402,240,3
./label_data_creat/original_30/015/201907_190909-患者15-术后-D2-医生.JPG 133,117,220,236,1 222,118,303,226,1 63,121,132,233,2 303,126,359,224,2 12,132,67,232,3 356,121,405,220,3
./label_data_creat/original_30/016/201907_190909-患者16-术中-D7-医生.JPG 32,96,155,225,7 141,74,281,214,6 264,67,350,174,5 341,62,414,160,4
./label_data_creat/original_30/016/201907_190909-患者16-术前-D7-医生.JPG 39,98,144,210,7 137,78,258,203,6 248,67,317,178,5 309,63,388,170,4
./label_data_creat/original_30/016/201907_190909-患者16-术后-D7-医生.JPG 35,119,143,242,7 143,101,268,228,6 256,94,334,199,5 331,90,409,194,4
./label_data_creat/original_30/017/201907_190909-患者17-术中-D7-医生.JPG 33,101,148,206,7 144,84,259,191,6 255,98,317,198,5 320,93,381,195,4
./label_data_creat/original_30/017/201907_190909-患者17-术前-D7-医生.JPG 30,102,148,212,7 141,85,260,193,6 258,104,328,199,5 332,108,393,193,4
./label_data_creat/original_30/017/201907_190909-患者17-术后-D7-医生.JPG 31,115,150,223,7 145,94,260,204,6 257,100,324,194,5 322,110,386,197,4
./label_data_creat/original_30/018/201907_190909-患者18-术中-D7-医生.JPG 31,115,147,221,7 151,106,267,227,6 264,96,343,201,5 337,107,417,209,4
./label_data_creat/original_30/018/201907_190909-患者18-术前-D7-医生.JPG 50,94,160,202,7 161,92,275,207,6 267,82,344,190,5 335,98,414,192,4
./label_data_creat/original_30/018/201907_190909-患者18-术后-D7-医生.JPG 26,111,150,230,7 147,112,275,229,6 270,101,354,214,5 347,122,417,224,4
./label_data_creat/original_30/019/201907_190909-患者19-术中-C6-医生.JPG 132,288,235,381,7 119,182,238,282,6 130,121,226,181,5 142,45,225,114,4
./label_data_creat/original_30/019/201907_190909-患者19-术前-C6-医生.JPG 31,118,138,219,7 130,99,245,213,6 245,104,310,198,5 315,115,393,208,4
./label_data_creat/original_30/019/201907_190909-患者19-术后-C6-医生.JPG 35,111,158,224,7 154,100,268,215,6 270,111,341,211,5 345,127,409,213,4
./label_data_creat/original_30/020/201907_190909-患者20-术中-B3-医生.JPG 4,58,99,189,1 105,48,193,185,2 200,63,290,186,3 294,85,372,178,4
./label_data_creat/original_30/020/201907_190909-患者20-术前-B3-医生.JPG 1,80,95,214,1 93,79,194,208,2 198,75,293,209,3 296,109,373,211,4
./label_data_creat/original_30/020/201907_190909-患者20-术后-B3-医生.JPG 30,66,123,201,1 130,66,212,187,2 224,67,313,194,3 317,87,394,194,4
./label_data_creat/original_30/021/201907_190909-患者21-术中-D7-医生.JPG 18,112,138,244,7 128,94,247,213,6 241,86,315,181,5 312,75,385,161,4
./label_data_creat/original_30/021/201907_190909-患者21-术前-D7-医生.JPG 23,63,142,197,7 137,44,254,180,6 250,51,324,147,5 318,42,399,141,4
./label_data_creat/original_30/021/201907_190909-患者21-术后-D7-医生.JPG 27,129,134,252,7 137,115,251,243,6 243,107,324,212,5 314,98,393,209,4
./label_data_creat/original_30/022/201907_190909-患者22-术中-D7-医生.JPG 287,114,383,239,7 185,109,297,239,6 117,107,191,210,5 35,88,125,201,4
./label_data_creat/original_30/022/201907_190909-患者22-术前-D7-医生.JPG 277,104,387,240,7 167,100,288,231,6 86,102,171,216,5 5,90,94,199,4
./label_data_creat/original_30/022/201907_190909-患者22-术后-D7-医生.JPG 280,91,382,223,7 164,90,285,217,6 95,92,175,205,5 12,81,100,190,4
./label_data_creat/original_30/023/201907_190909-患者23-术中-D6-医生.JPG 0,74,108,197,7 111,73,228,187,6 225,80,303,171,5 299,71,377,150,4
./label_data_creat/original_30/023/201907_190909-患者23-术前-D6-医生.JPG 7,103,111,219,7 110,86,232,207,6 225,88,303,189,5 289,85,369,168,4
./label_data_creat/original_30/023/201907_190909-患者23-术后-D6-医生.JPG 20,100,130,217,7 127,89,256,208,6 243,88,327,189,5 315,77,399,166,4
./label_data_creat/original_30/024/201907_190909-患者24-术中-D6-医生.JPG 246,93,370,222,6 163,106,241,216,5 83,98,166,214,4 0,84,83,193,3
./label_data_creat/original_30/024/201907_190909-患者24-术前-D6-医生.JPG 286,72,383,217,7 174,75,280,215,6 100,81,169,194,5 20,63,98,180,4
./label_data_creat/original_30/024/201907_190909-患者24-术后-D6-医生.JPG 263,57,385,207,6 190,81,274,194,5 115,81,199,191,4 28,61,123,178,3
./label_data_creat/original_30/025/201907_190909-患者25-术中-A1-医生.JPG 291,48,400,220,1 170,49,287,189,2 74,42,172,189,3 2,44,83,176,4
./label_data_creat/original_30/025/201907_190909-患者25-术前-A1-医生.JPG 293,56,416,235,1 180,59,289,205,2 91,54,186,207,3 30,57,95,192,4
./label_data_creat/original_30/025/201907_190909-患者25-术后-A1-医生.JPG 294,44,394,216,1 176,59,287,181,2 89,43,180,179,3 17,37,90,160,4
./label_data_creat/original_30/026/201907_190909-患者26-术中-B2-医生.JPG 16,38,129,209,1 139,51,237,191,2 250,47,338,206,3
./label_data_creat/original_30/026/201907_190909-患者26-术前-B2-医生.JPG 10,64,126,218,1 138,64,231,199,2 241,58,327,206,3
./label_data_creat/original_30/026/201907_190909-患者26-术后-B2-医生.JPG 3,49,111,203,1 113,59,207,185,2 219,50,305,185,3
./label_data_creat/original_30/027/201907_190909-患者27-术中-D7-医生.JPG 122,111,209,223,7 210,98,314,211,6 310,96,376,182,5
./label_data_creat/original_30/027/201907_190909-患者27-术前-D7-医生.JPG 100,102,191,216,7 184,81,289,194,6 286,70,355,170,5 352,58,415,152,4
./label_data_creat/original_30/027/201907_190909-患者27-术后-D7-医生.JPG 129,119,225,237,7 215,100,329,215,6 321,90,397,196,5
./label_data_creat/original_30/028/201907_190909-患者28-术中-D5-医生.JPG 12,108,93,203,3 90,99,178,205,4 178,95,292,227,5 280,84,393,227,6
./label_data_creat/original_30/028/201907_190909-患者28-术前-D5-医生.JPG 11,107,105,193,3 96,83,191,192,4 189,84,306,217,5 295,71,407,214,6
./label_data_creat/original_30/028/201907_190909-患者28-术后-D5-医生.JPG 6,88,86,188,3 92,87,171,199,4 185,91,296,239,5 287,79,397,238,6
./label_data_creat/original_30/029/201907_190909-患者29-术中-B6-医生.JPG 9,101,117,219,7 113,93,240,216,6 237,97,325,201,5 329,102,404,180,4
./label_data_creat/original_30/029/201907_190909-患者29-术前-B6-医生.JPG 30,98,133,220,7 139,91,242,216,6 246,94,325,200,5 324,107,405,185,4
./label_data_creat/original_30/029/201907_190909-患者29-术后-B6-医生.JPG 35,98,145,234,7 141,81,252,212,6 251,77,332,184,5 328,77,407,160,4
./label_data_creat/original_30/030/201907_190909-患者30-术中-A6-医生.JPG 300,77,408,223,7 172,66,301,214,6 93,79,179,200,5 0,81,95,188,4
./label_data_creat/original_30/030/201907_190909-患者30-术前-A6-医生.JPG 292,68,409,210,7 174,69,301,201,6 92,79,186,201,5 5,85,98,193,4
./label_data_creat/original_30/030/201907_190909-患者30-术后-A6-医生.JPG 283,56,399,203,7 155,67,284,202,6 81,77,168,185,5 2,84,79,179,4
